Title: DVD's Flash Flood Detector Contours
RefreshSeconds: 30

Color: 0 255 0
Line: 3, 0, "2026-06-13 06:00:00 UTC\nMonitor Boundary"
  48.7611, -121.8370
  48.7525, -121.8302
  48.7489, -121.8195
  48.7453, -121.8015
  48.7489, -121.7963
  48.7611, -121.7859
  48.7732, -121.7884
  48.7853, -121.7974
  48.7893, -121.8015
  48.7942, -121.8302
  48.7853, -121.8404
  48.7732, -121.8448
  48.7611, -121.8370
End:

Color: 0 255 0
Line: 3, 0, "2026-06-13 06:00:00 UTC\nMonitor Boundary"
  38.5024, -119.2946
  38.4953, -119.2782
  38.4903, -119.2634
  38.4856, -119.2495
  38.4855, -119.2209
  38.4903, -119.2095
  38.5024, -119.1969
  38.5145, -119.1965
  38.5267, -119.1967
  38.5388, -119.2078
  38.5445, -119.2209
  38.5444, -119.2495
  38.5399, -119.2782
  38.5388, -119.2802
  38.5267, -119.2961
  38.5145, -119.3040
  38.5024, -119.2946
End:

Color: 0 255 0
Line: 3, 0, "2026-06-13 06:00:00 UTC\nMonitor Boundary"
  34.9737, -106.1209
  34.9691, -106.1167
  34.9653, -106.0880
  34.9616, -106.0766
  34.9559, -106.0593
  34.9616, -106.0523
  34.9737, -106.0451
  34.9859, -106.0486
  34.9980, -106.0454
  35.0101, -106.0541
  35.0141, -106.0593
  35.0137, -106.0880
  35.0101, -106.0978
  35.0014, -106.1167
  34.9980, -106.1196
  34.9859, -106.1250
  34.9737, -106.1209
End:

Color: 0 255 0
Line: 3, 0, "2026-06-13 06:00:00 UTC\nMonitor Boundary"
  34.8888, -105.2637
  34.8789, -105.2565
  34.8767, -105.2329
  34.8764, -105.2278
  34.8767, -105.2249
  34.8816, -105.1991
  34.8821, -105.1704
  34.8888, -105.1648
  34.9010, -105.1558
  34.9131, -105.1500
  34.9252, -105.1467
  34.9373, -105.1470
  34.9495, -105.1591
  34.9544, -105.1704
  34.9616, -105.1918
  34.9641, -105.1991
  34.9616, -105.2056
  34.9504, -105.2278
  34.9495, -105.2286
  34.9373, -105.2356
  34.9252, -105.2402
  34.9131, -105.2542
  34.9111, -105.2565
  34.9010, -105.2638
  34.8888, -105.2637
End:

Color: 0 255 0
Line: 3, 0, "2026-06-13 06:00:00 UTC\nMonitor Boundary"
  35.6285, -104.9750
  35.6223, -104.9697
  35.6164, -104.9617
  35.6060, -104.9410
  35.6164, -104.9183
  35.6200, -104.9124
  35.6285, -104.9063
  35.6407, -104.9056
  35.6528, -104.9069
  35.6599, -104.9124
  35.6649, -104.9203
  35.6746, -104.9410
  35.6680, -104.9697
  35.6649, -104.9728
  35.6528, -104.9821
  35.6407, -104.9840
  35.6285, -104.9750
End:

Color: 0 255 0
Line: 3, 0, "2026-06-13 06:00:00 UTC\nMonitor Boundary"
  36.1985, -104.8635
  36.1879, -104.8550
  36.1942, -104.8263
  36.1863, -104.8020
  36.1852, -104.7977
  36.1859, -104.7690
  36.1863, -104.7681
  36.1985, -104.7449
  36.2022, -104.7403
  36.1985, -104.7356
  36.1863, -104.7121
  36.1861, -104.7116
  36.1863, -104.7111
  36.1985, -104.6841
  36.1992, -104.6830
  36.2106, -104.6756
  36.2227, -104.6769
  36.2305, -104.6830
  36.2338, -104.7116
  36.2278, -104.7403
  36.2348, -104.7475
  36.2470, -104.7603
  36.2540, -104.7690
  36.2470, -104.7907
  36.2448, -104.7977
  36.2411, -104.8263
  36.2348, -104.8372
  36.2227, -104.8542
  36.2222, -104.8550
  36.2106, -104.8639
  36.1985, -104.8635
End:

Color: 0 255 0
Line: 3, 0, "2026-06-13 06:00:00 UTC\nMonitor Boundary"
  35.9559, -104.7889
  35.9454, -104.7690
  35.9556, -104.7403
  35.9559, -104.7393
  35.9662, -104.7116
  35.9681, -104.7062
  35.9802, -104.6881
  35.9923, -104.6899
  36.0038, -104.7116
  36.0044, -104.7401
  36.0044, -104.7403
  36.0044, -104.7403
  35.9986, -104.7690
  35.9923, -104.7751
  35.9802, -104.7809
  35.9681, -104.7931
  35.9559, -104.7889
End:

Color: 0 255 0
Line: 3, 0, "2026-06-13 06:00:00 UTC\nMonitor Boundary"
  35.8711, -104.5992
  35.8691, -104.5969
  35.8653, -104.5683
  35.8589, -104.5490
  35.8558, -104.5396
  35.8589, -104.5303
  35.8655, -104.5109
  35.8589, -104.5008
  35.8468, -104.5034
  35.8347, -104.4999
  35.8225, -104.4903
  35.8104, -104.4847
  35.8062, -104.4822
  35.7983, -104.4755
  35.7862, -104.4558
  35.7851, -104.4536
  35.7862, -104.4504
  35.7950, -104.4249
  35.7983, -104.4155
  35.8050, -104.3962
  35.8052, -104.3675
  35.7983, -104.3473
  35.7954, -104.3389
  35.7956, -104.3102
  35.7953, -104.2815
  35.7983, -104.2771
  35.8104, -104.2627
  35.8194, -104.2528
  35.8225, -104.2499
  35.8347, -104.2450
  35.8468, -104.2451
  35.8589, -104.2455
  35.8708, -104.2528
  35.8711, -104.2532
  35.8713, -104.2528
  35.8832, -104.2295
  35.8850, -104.2242
  35.8832, -104.2154
  35.8783, -104.1955
  35.8711, -104.1731
  35.8690, -104.1668
  35.8589, -104.1407
  35.8468, -104.1454
  35.8347, -104.1455
  35.8225, -104.1515
  35.8149, -104.1668
  35.8104, -104.1737
  35.7983, -104.1882
  35.7917, -104.1955
  35.7862, -104.2020
  35.7740, -104.2130
  35.7619, -104.2235
  35.7529, -104.2242
  35.7498, -104.2243
  35.7495, -104.2242
  35.7377, -104.2045
  35.7347, -104.1955
  35.7255, -104.1683
  35.7251, -104.1668
  35.7255, -104.1647
  35.7341, -104.1382
  35.7358, -104.1095
  35.7377, -104.1042
  35.7459, -104.0808
  35.7377, -104.0560
  35.7363, -104.0521
  35.7369, -104.0235
  35.7377, -103.9990
  35.7378, -103.9948
  35.7450, -103.9661
  35.7452, -103.9374
  35.7461, -103.9088
  35.7498, -103.8977
  35.7557, -103.8801
  35.7619, -103.8668
  35.7740, -103.8536
  35.7753, -103.8514
  35.7797, -103.8227
  35.7850, -103.7941
  35.7850, -103.7654
  35.7862, -103.7609
  35.7942, -103.7367
  35.7862, -103.7117
  35.7852, -103.7080
  35.7740, -103.6836
  35.7715, -103.6794
  35.7655, -103.6507
  35.7652, -103.6220
  35.7670, -103.5933
  35.7740, -103.5742
  35.7862, -103.5656
  35.7983, -103.5661
  35.8010, -103.5647
  35.8104, -103.5600
  35.8225, -103.5424
  35.8314, -103.5360
  35.8347, -103.5338
  35.8468, -103.5275
  35.8589, -103.5256
  35.8711, -103.5340
  35.8728, -103.5360
  35.8832, -103.5527
  35.8918, -103.5647
  35.8953, -103.5757
  35.9008, -103.5933
  35.9048, -103.6220
  35.9074, -103.6300
  35.9146, -103.6507
  35.9196, -103.6581
  35.9317, -103.6594
  35.9438, -103.6776
  35.9445, -103.6794
  35.9448, -103.7080
  35.9438, -103.7096
  35.9317, -103.7225
  35.9196, -103.7237
  35.9074, -103.7249
  35.8953, -103.7357
  35.8949, -103.7367
  35.8918, -103.7654
  35.8832, -103.7802
  35.8757, -103.7941
  35.8711, -103.8101
  35.8669, -103.8227
  35.8711, -103.8289
  35.8832, -103.8492
  35.8839, -103.8514
  35.8832, -103.8536
  35.8743, -103.8801
  35.8746, -103.9088
  35.8711, -103.9192
  35.8648, -103.9374
  35.8589, -103.9459
  35.8468, -103.9633
  35.8450, -103.9661
  35.8468, -103.9721
  35.8589, -103.9835
  35.8711, -103.9863
  35.8820, -103.9948
  35.8759, -104.0235
  35.8748, -104.0521
  35.8711, -104.0623
  35.8641, -104.0808
  35.8642, -104.1095
  35.8711, -104.1249
  35.8832, -104.1168
  35.8953, -104.1224
  35.9074, -104.1263
  35.9196, -104.1259
  35.9317, -104.1355
  35.9337, -104.1382
  35.9317, -104.1441
  35.9196, -104.1621
  35.9167, -104.1668
  35.9196, -104.1724
  35.9317, -104.1803
  35.9424, -104.1955
  35.9438, -104.1971
  35.9559, -104.2115
  35.9650, -104.2242
  35.9649, -104.2528
  35.9638, -104.2815
  35.9559, -104.2927
  35.9444, -104.3102
  35.9438, -104.3145
  35.9387, -104.3389
  35.9317, -104.3504
  35.9248, -104.3675
  35.9317, -104.3921
  35.9329, -104.3962
  35.9317, -104.4008
  35.9253, -104.4249
  35.9216, -104.4536
  35.9317, -104.4765
  35.9336, -104.4822
  35.9438, -104.5001
  35.9559, -104.5083
  35.9588, -104.5109
  35.9644, -104.5396
  35.9647, -104.5683
  35.9559, -104.5877
  35.9506, -104.5969
  35.9438, -104.6025
  35.9317, -104.6046
  35.9196, -104.6045
  35.9074, -104.6073
  35.8953, -104.6150
  35.8832, -104.6080
  35.8711, -104.5992
End:

Color: 0 255 0
Line: 3, 0, "2026-06-13 06:00:00 UTC\nMonitor Boundary"
  32.1605, -104.5755
  32.1553, -104.5683
  32.1605, -104.5449
  32.1623, -104.5396
  32.1726, -104.5314
  32.1847, -104.5250
  32.1969, -104.5252
  32.2090, -104.5224
  32.2211, -104.5178
  32.2332, -104.5188
  32.2454, -104.5276
  32.2542, -104.5396
  32.2454, -104.5585
  32.2394, -104.5683
  32.2332, -104.5729
  32.2211, -104.5747
  32.2090, -104.5767
  32.1969, -104.5848
  32.1847, -104.5850
  32.1726, -104.5846
  32.1605, -104.5755
End:

Color: 0 255 0
Line: 3, 0, "2026-06-13 06:00:00 UTC\nMonitor Boundary"
  32.2939, -104.5115
  32.2931, -104.5109
  32.2900, -104.4822
  32.2939, -104.4789
  32.3060, -104.4736
  32.3181, -104.4677
  32.3302, -104.4667
  32.3424, -104.4785
  32.3448, -104.4822
  32.3424, -104.4873
  32.3302, -104.5073
  32.3260, -104.5109
  32.3181, -104.5147
  32.3060, -104.5150
  32.2939, -104.5115
End:

Color: 0 255 0
Line: 3, 0, "2026-06-13 06:00:00 UTC\nMonitor Boundary"
  32.5243, -104.3792
  32.5152, -104.3675
  32.5243, -104.3526
  32.5364, -104.3450
  32.5441, -104.3389
  32.5485, -104.3359
  32.5606, -104.3355
  32.5728, -104.3367
  32.5761, -104.3389
  32.5800, -104.3675
  32.5728, -104.3731
  32.5606, -104.3746
  32.5485, -104.3764
  32.5364, -104.3848
  32.5243, -104.3792
End:

Color: 0 255 0
Line: 3, 0, "2026-06-13 06:00:00 UTC\nMonitor Boundary"
  32.4515, -104.2878
  32.4462, -104.2815
  32.4493, -104.2528
  32.4515, -104.2489
  32.4636, -104.2330
  32.4758, -104.2255
  32.4770, -104.2242
  32.4879, -104.2143
  32.5000, -104.2022
  32.5065, -104.1955
  32.5121, -104.1908
  32.5243, -104.1837
  32.5364, -104.1798
  32.5485, -104.1765
  32.5606, -104.1717
  32.5685, -104.1668
  32.5728, -104.1649
  32.5849, -104.1589
  32.5970, -104.1552
  32.6091, -104.1623
  32.6147, -104.1668
  32.6213, -104.1823
  32.6256, -104.1955
  32.6334, -104.2188
  32.6350, -104.2242
  32.6334, -104.2272
  32.6213, -104.2462
  32.6126, -104.2528
  32.6091, -104.2547
  32.5970, -104.2596
  32.5849, -104.2650
  32.5728, -104.2671
  32.5606, -104.2718
  32.5485, -104.2793
  32.5465, -104.2815
  32.5364, -104.2898
  32.5243, -104.2968
  32.5121, -104.3009
  32.5000, -104.3019
  32.4879, -104.2915
  32.4758, -104.2950
  32.4636, -104.2949
  32.4515, -104.2878
End:

Color: 0 255 0
Line: 3, 0, "2026-06-13 06:00:00 UTC\nMonitor Boundary"
  35.9559, -104.0394
  35.9451, -104.0235
  35.9450, -103.9948
  35.9473, -103.9661
  35.9559, -103.9503
  35.9661, -103.9374
  35.9681, -103.9357
  35.9802, -103.9277
  35.9923, -103.9098
  35.9940, -103.9088
  36.0044, -103.9041
  36.0166, -103.9060
  36.0287, -103.8890
  36.0408, -103.8887
  36.0529, -103.9049
  36.0546, -103.9088
  36.0529, -103.9224
  36.0502, -103.9374
  36.0408, -103.9439
  36.0287, -103.9455
  36.0166, -103.9563
  36.0112, -103.9661
  36.0050, -103.9948
  36.0044, -103.9970
  35.9935, -104.0235
  35.9923, -104.0245
  35.9802, -104.0371
  35.9681, -104.0434
  35.9559, -104.0394
End:

Color: 0 255 0
Line: 3, 0, "2026-06-13 06:00:00 UTC\nMonitor Boundary"
  35.5800, -103.9974
  35.5777, -103.9948
  35.5772, -103.9661
  35.5800, -103.9564
  35.5852, -103.9374
  35.5807, -103.9088
  35.5800, -103.9080
  35.5679, -103.9026
  35.5558, -103.8983
  35.5436, -103.8825
  35.5315, -103.8854
  35.5194, -103.8910
  35.5073, -103.9027
  35.4951, -103.8976
  35.4857, -103.8801
  35.4951, -103.8520
  35.4953, -103.8514
  35.5073, -103.8381
  35.5194, -103.8309
  35.5251, -103.8227
  35.5315, -103.8043
  35.5350, -103.7941
  35.5436, -103.7800
  35.5548, -103.7654
  35.5451, -103.7367
  35.5558, -103.7208
  35.5679, -103.7166
  35.5800, -103.7278
  35.5922, -103.7248
  35.6043, -103.7160
  35.6164, -103.7208
  35.6285, -103.7308
  35.6330, -103.7367
  35.6350, -103.7654
  35.6350, -103.7941
  35.6285, -103.8152
  35.6259, -103.8227
  35.6285, -103.8439
  35.6295, -103.8514
  35.6285, -103.8731
  35.6281, -103.8801
  35.6285, -103.8807
  35.6407, -103.8927
  35.6528, -103.8906
  35.6649, -103.8812
  35.6656, -103.8801
  35.6770, -103.8680
  35.6892, -103.8659
  35.7013, -103.8657
  35.7134, -103.8683
  35.7243, -103.8801
  35.7189, -103.9088
  35.7201, -103.9374
  35.7134, -103.9435
  35.7013, -103.9525
  35.6950, -103.9661
  35.6892, -103.9801
  35.6822, -103.9948
  35.6770, -104.0000
  35.6649, -104.0050
  35.6528, -104.0050
  35.6407, -104.0124
  35.6285, -104.0136
  35.6164, -104.0103
  35.6043, -104.0034
  35.5922, -104.0047
  35.5800, -103.9974
End:

Color: 0 255 0
Line: 3, 0, "2026-06-13 06:00:00 UTC\nMonitor Boundary"
  36.0408, -103.8616
  36.0348, -103.8514
  36.0287, -103.8379
  36.0251, -103.8227
  36.0287, -103.8127
  36.0408, -103.7964
  36.0529, -103.7989
  36.0649, -103.8227
  36.0557, -103.8514
  36.0529, -103.8555
  36.0408, -103.8616
End:

Color: 0 255 0
Line: 3, 0, "2026-06-13 06:00:00 UTC\nMonitor Boundary"
  35.9317, -103.7987
  35.9274, -103.7941
  35.9317, -103.7794
  35.9428, -103.7654
  35.9438, -103.7648
  35.9453, -103.7654
  35.9559, -103.7739
  35.9626, -103.7941
  35.9559, -103.8007
  35.9438, -103.8049
  35.9317, -103.7987
End:

Color: 0 255 0
Line: 3, 0, "2026-06-13 06:00:00 UTC\nMonitor Boundary"
  30.4265, -103.6098
  30.4151, -103.5933
  30.4265, -103.5791
  30.4386, -103.5760
  30.4507, -103.5817
  30.4549, -103.5933
  30.4507, -103.6011
  30.4386, -103.6131
  30.4265, -103.6098
End:

Color: 0 255 0
Line: 3, 0, "2026-06-13 06:00:00 UTC\nMonitor Boundary"
  30.4628, -103.5750
  30.4577, -103.5647
  30.4628, -103.5465
  30.4716, -103.5360
  30.4750, -103.5350
  30.4784, -103.5360
  30.4871, -103.5463
  30.4923, -103.5647
  30.4871, -103.5699
  30.4750, -103.5750
  30.4628, -103.5750
End:

Color: 0 255 0
Line: 3, 0, "2026-06-13 06:00:00 UTC\nMonitor Boundary"
  35.7983, -103.5136
  35.7897, -103.5073
  35.7862, -103.5006
  35.7740, -103.4949
  35.7619, -103.4925
  35.7498, -103.4937
  35.7377, -103.4922
  35.7255, -103.4790
  35.7253, -103.4786
  35.7255, -103.4782
  35.7377, -103.4597
  35.7498, -103.4580
  35.7556, -103.4500
  35.7554, -103.4213
  35.7498, -103.4057
  35.7452, -103.3926
  35.7377, -103.3714
  35.7350, -103.3639
  35.7255, -103.3464
  35.7177, -103.3353
  35.7134, -103.3307
  35.7013, -103.3168
  35.6951, -103.3066
  35.6952, -103.2779
  35.6892, -103.2688
  35.6770, -103.2546
  35.6717, -103.2492
  35.6655, -103.2206
  35.6770, -103.2081
  35.6892, -103.2059
  35.7013, -103.2014
  35.7102, -103.1919
  35.7013, -103.1766
  35.6951, -103.1632
  35.6981, -103.1345
  35.7013, -103.1313
  35.7134, -103.1240
  35.7255, -103.1203
  35.7377, -103.1159
  35.7498, -103.1188
  35.7574, -103.1059
  35.7619, -103.1010
  35.7740, -103.0938
  35.7862, -103.0902
  35.7983, -103.0865
  35.8104, -103.0979
  35.8150, -103.1059
  35.8104, -103.1197
  35.8053, -103.1345
  35.8031, -103.1632
  35.8037, -103.1919
  35.7983, -103.2068
  35.7895, -103.2206
  35.7983, -103.2275
  35.8104, -103.2403
  35.8168, -103.2492
  35.8225, -103.2670
  35.8248, -103.2779
  35.8225, -103.2862
  35.8159, -103.3066
  35.8225, -103.3264
  35.8254, -103.3353
  35.8347, -103.3629
  35.8350, -103.3639
  35.8347, -103.3645
  35.8225, -103.3817
  35.8148, -103.3926
  35.8104, -103.4011
  35.7983, -103.4160
  35.7946, -103.4213
  35.7983, -103.4323
  35.8045, -103.4500
  35.8104, -103.4579
  35.8225, -103.4599
  35.8347, -103.4786
  35.8225, -103.5042
  35.8204, -103.5073
  35.8104, -103.5180
  35.7983, -103.5136
End:

Color: 0 255 0
Line: 3, 0, "2026-06-13 06:00:00 UTC\nMonitor Boundary"
  29.8929, -103.4291
  29.8861, -103.4213
  29.8808, -103.4125
  29.8687, -103.3956
  29.8655, -103.3926
  29.8565, -103.3700
  29.8550, -103.3639
  29.8565, -103.3459
  29.8577, -103.3353
  29.8687, -103.3264
  29.8808, -103.3225
  29.8929, -103.3158
  29.9050, -103.3079
  29.9097, -103.3066
  29.9172, -103.3051
  29.9293, -103.3055
  29.9316, -103.3066
  29.9414, -103.3139
  29.9535, -103.3325
  29.9553, -103.3353
  29.9650, -103.3639
  29.9649, -103.3926
  29.9535, -103.4128
  29.9456, -103.4213
  29.9414, -103.4247
  29.9293, -103.4342
  29.9172, -103.4348
  29.9050, -103.4350
  29.8929, -103.4291
End:

Color: 0 255 0
Line: 3, 0, "2026-06-13 06:00:00 UTC\nMonitor Boundary"
  30.0990, -103.3646
  30.0928, -103.3639
  30.0869, -103.3626
  30.0748, -103.3472
  30.0682, -103.3353
  30.0748, -103.3112
  30.0766, -103.3066
  30.0748, -103.3037
  30.0652, -103.2779
  30.0748, -103.2622
  30.0869, -103.2548
  30.0937, -103.2492
  30.0990, -103.2460
  30.1112, -103.2454
  30.1233, -103.2451
  30.1354, -103.2481
  30.1370, -103.2492
  30.1476, -103.2657
  30.1536, -103.2779
  30.1557, -103.3066
  30.1597, -103.3246
  30.1620, -103.3353
  30.1597, -103.3382
  30.1476, -103.3482
  30.1354, -103.3557
  30.1233, -103.3629
  30.1172, -103.3639
  30.1112, -103.3646
  30.0990, -103.3646
End:

Color: 0 255 0
Line: 3, 0, "2026-06-13 06:00:00 UTC\nMonitor Boundary"
  35.5800, -103.2554
  35.5755, -103.2492
  35.5800, -103.2395
  35.5922, -103.2273
  35.6043, -103.2316
  35.6145, -103.2492
  35.6043, -103.2609
  35.5922, -103.2645
  35.5800, -103.2554
End:

Color: 0 255 0
Line: 3, 0, "2026-06-13 06:00:00 UTC\nMonitor Boundary"
  35.4951, -103.0899
  35.4851, -103.0772
  35.4830, -103.0623
  35.4806, -103.0485
  35.4709, -103.0313
  35.4657, -103.0199
  35.4709, -103.0045
  35.4754, -102.9912
  35.4797, -102.9625
  35.4830, -102.9567
  35.4950, -102.9338
  35.4951, -102.9334
  35.5073, -102.9079
  35.5100, -102.9052
  35.5194, -102.8977
  35.5315, -102.8864
  35.5436, -102.8898
  35.5558, -102.8977
  35.5630, -102.9052
  35.5679, -102.9182
  35.5728, -102.9338
  35.5800, -102.9428
  35.5922, -102.9583
  35.5948, -102.9625
  35.5940, -102.9912
  35.5922, -102.9952
  35.5800, -103.0174
  35.5777, -103.0199
  35.5679, -103.0267
  35.5558, -103.0347
  35.5491, -103.0485
  35.5436, -103.0560
  35.5315, -103.0748
  35.5307, -103.0772
  35.5194, -103.0868
  35.5073, -103.0946
  35.4951, -103.0899
End:

Color: 0 255 0
Line: 3, 0, "2026-06-13 06:00:00 UTC\nMonitor Boundary"
  35.4709, -102.5671
  35.4660, -102.5611
  35.4588, -102.5392
  35.4565, -102.5324
  35.4588, -102.5254
  35.4709, -102.5074
  35.4830, -102.5059
  35.4951, -102.5115
  35.5048, -102.5324
  35.5040, -102.5611
  35.4951, -102.5707
  35.4830, -102.5748
  35.4709, -102.5671
End:

Color: 0 255 0
Line: 3, 0, "2026-06-13 06:00:00 UTC\nMonitor Boundary"
  36.1378, -102.4800
  36.1350, -102.4750
  36.1257, -102.4616
  36.1151, -102.4464
  36.1136, -102.4420
  36.1052, -102.4177
  36.1055, -102.3890
  36.1124, -102.3603
  36.1105, -102.3317
  36.1136, -102.3283
  36.1257, -102.3168
  36.1351, -102.3030
  36.1378, -102.2951
  36.1450, -102.2743
  36.1378, -102.2537
  36.1350, -102.2456
  36.1257, -102.2322
  36.1136, -102.2260
  36.1014, -102.2192
  36.0992, -102.2170
  36.1014, -102.2009
  36.1053, -102.1883
  36.1136, -102.1703
  36.1156, -102.1596
  36.1257, -102.1417
  36.1343, -102.1309
  36.1378, -102.1128
  36.1400, -102.1023
  36.1451, -102.0736
  36.1500, -102.0618
  36.1579, -102.0449
  36.1621, -102.0371
  36.1742, -102.0203
  36.1763, -102.0163
  36.1852, -101.9876
  36.1742, -101.9692
  36.1621, -101.9647
  36.1500, -101.9642
  36.1413, -101.9589
  36.1424, -101.9302
  36.1453, -101.9016
  36.1500, -101.8900
  36.1621, -101.8766
  36.1742, -101.8744
  36.1751, -101.8729
  36.1848, -101.8442
  36.1742, -101.8349
  36.1621, -101.8262
  36.1550, -101.8155
  36.1500, -101.8082
  36.1378, -101.8097
  36.1257, -101.8147
  36.1136, -101.8146
  36.1128, -101.8155
  36.1136, -101.8239
  36.1150, -101.8442
  36.1136, -101.8469
  36.1014, -101.8660
  36.0926, -101.8729
  36.1014, -101.8893
  36.1047, -101.9016
  36.1014, -101.9084
  36.0893, -101.9222
  36.0772, -101.9208
  36.0651, -101.9203
  36.0529, -101.9231
  36.0408, -101.9124
  36.0332, -101.9016
  36.0287, -101.8879
  36.0251, -101.8729
  36.0287, -101.8673
  36.0408, -101.8562
  36.0529, -101.8554
  36.0650, -101.8442
  36.0651, -101.8435
  36.0676, -101.8155
  36.0651, -101.8064
  36.0529, -101.8014
  36.0408, -101.8058
  36.0318, -101.8155
  36.0287, -101.8200
  36.0166, -101.8249
  36.0044, -101.8228
  35.9923, -101.8315
  35.9802, -101.8331
  35.9681, -101.8207
  35.9650, -101.8155
  35.9681, -101.8044
  35.9777, -101.7869
  35.9802, -101.7812
  35.9853, -101.7582
  35.9802, -101.7432
  35.9681, -101.7349
  35.9620, -101.7295
  35.9559, -101.7040
  35.9554, -101.7008
  35.9552, -101.6722
  35.9559, -101.6710
  35.9681, -101.6577
  35.9802, -101.6564
  35.9923, -101.6555
  36.0044, -101.6539
  36.0166, -101.6509
  36.0222, -101.6435
  36.0166, -101.6244
  36.0150, -101.6148
  36.0166, -101.6120
  36.0287, -101.5979
  36.0408, -101.5976
  36.0529, -101.6052
  36.0651, -101.5983
  36.0772, -101.5868
  36.0783, -101.5861
  36.0893, -101.5782
  36.1014, -101.5608
  36.1072, -101.5575
  36.1136, -101.5551
  36.1235, -101.5575
  36.1257, -101.5583
  36.1378, -101.5733
  36.1500, -101.5854
  36.1621, -101.5767
  36.1742, -101.5589
  36.1766, -101.5575
  36.1863, -101.5514
  36.1928, -101.5575
  36.1985, -101.5629
  36.2106, -101.5693
  36.2227, -101.5841
  36.2288, -101.5861
  36.2348, -101.5867
  36.2350, -101.5861
  36.2352, -101.5575
  36.2348, -101.5565
  36.2227, -101.5534
  36.2106, -101.5483
  36.1985, -101.5457
  36.1954, -101.5288
  36.1956, -101.5001
  36.1985, -101.4918
  36.2053, -101.4714
  36.2106, -101.4562
  36.2151, -101.4428
  36.2207, -101.4141
  36.2106, -101.4022
  36.2049, -101.3854
  36.1985, -101.3623
  36.1968, -101.3567
  36.1985, -101.3544
  36.2106, -101.3367
  36.2153, -101.3281
  36.2227, -101.3072
  36.2255, -101.2994
  36.2227, -101.2950
  36.2106, -101.2920
  36.1985, -101.2875
  36.1863, -101.2817
  36.1742, -101.2837
  36.1621, -101.2912
  36.1500, -101.2917
  36.1394, -101.2994
  36.1378, -101.3002
  36.1257, -101.3050
  36.1136, -101.3062
  36.1014, -101.3155
  36.0901, -101.3281
  36.0910, -101.3567
  36.0893, -101.3585
  36.0772, -101.3648
  36.0651, -101.3697
  36.0550, -101.3854
  36.0529, -101.3890
  36.0408, -101.4025
  36.0287, -101.4021
  36.0166, -101.3882
  36.0119, -101.3854
  36.0044, -101.3820
  35.9923, -101.3851
  35.9920, -101.3854
  35.9802, -101.3940
  35.9681, -101.3947
  35.9559, -101.3933
  35.9457, -101.3854
  35.9438, -101.3822
  35.9424, -101.3854
  35.9317, -101.4133
  35.9303, -101.4141
  35.9196, -101.4249
  35.9124, -101.4428
  35.9074, -101.4448
  35.8966, -101.4428
  35.8953, -101.4424
  35.8832, -101.4313
  35.8733, -101.4428
  35.8711, -101.4447
  35.8589, -101.4535
  35.8468, -101.4636
  35.8347, -101.4579
  35.8251, -101.4428
  35.8347, -101.4303
  35.8468, -101.4160
  35.8485, -101.4141
  35.8589, -101.4063
  35.8711, -101.4040
  35.8832, -101.3907
  35.8850, -101.3854
  35.8953, -101.3708
  35.9074, -101.3660
  35.9187, -101.3567
  35.9163, -101.3281
  35.9196, -101.3212
  35.9317, -101.3005
  35.9324, -101.2994
  35.9438, -101.2756
  35.9455, -101.2707
  35.9559, -101.2488
  35.9604, -101.2420
  35.9669, -101.2134
  35.9681, -101.2092
  35.9748, -101.1847
  35.9802, -101.1763
  35.9923, -101.1599
  35.9950, -101.1560
  35.9952, -101.1273
  35.9961, -101.0987
  36.0044, -101.0885
  36.0166, -101.0763
  36.0227, -101.0700
  36.0166, -101.0553
  36.0044, -101.0473
  35.9942, -101.0413
  35.9923, -101.0388
  35.9852, -101.0126
  35.9802, -100.9941
  35.9773, -100.9840
  35.9802, -100.9735
  35.9920, -100.9553
  35.9923, -100.9551
  36.0044, -100.9416
  36.0166, -100.9356
  36.0267, -100.9266
  36.0287, -100.9240
  36.0408, -100.9063
  36.0452, -100.8980
  36.0408, -100.8848
  36.0317, -100.8693
  36.0287, -100.8594
  36.0234, -100.8406
  36.0166, -100.8328
  36.0052, -100.8119
  36.0070, -100.7833
  36.0166, -100.7604
  36.0210, -100.7546
  36.0287, -100.7454
  36.0373, -100.7259
  36.0408, -100.7221
  36.0529, -100.7142
  36.0651, -100.7087
  36.0762, -100.6972
  36.0772, -100.6959
  36.0893, -100.6861
  36.0931, -100.6686
  36.1014, -100.6567
  36.1136, -100.6468
  36.1220, -100.6399
  36.1161, -100.6112
  36.1136, -100.6051
  36.1014, -100.5955
  36.0893, -100.5937
  36.0772, -100.5834
  36.0765, -100.5825
  36.0772, -100.5711
  36.0786, -100.5539
  36.0772, -100.5503
  36.0654, -100.5252
  36.0651, -100.5247
  36.0529, -100.5167
  36.0408, -100.5003
  36.0358, -100.4965
  36.0287, -100.4920
  36.0166, -100.4718
  36.0152, -100.4678
  36.0166, -100.4610
  36.0238, -100.4392
  36.0287, -100.4359
  36.0408, -100.4331
  36.0529, -100.4240
  36.0651, -100.4113
  36.0655, -100.4105
  36.0772, -100.3901
  36.0893, -100.3877
  36.1014, -100.3925
  36.1136, -100.3898
  36.1257, -100.3867
  36.1304, -100.3818
  36.1378, -100.3751
  36.1500, -100.3665
  36.1621, -100.3677
  36.1742, -100.3737
  36.1863, -100.3751
  36.1985, -100.3763
  36.2106, -100.3760
  36.2195, -100.3818
  36.2227, -100.3987
  36.2242, -100.4105
  36.2227, -100.4128
  36.2106, -100.4294
  36.2040, -100.4392
  36.2106, -100.4564
  36.2227, -100.4659
  36.2246, -100.4678
  36.2320, -100.4965
  36.2348, -100.4990
  36.2371, -100.4965
  36.2470, -100.4851
  36.2591, -100.4773
  36.2664, -100.4678
  36.2712, -100.4622
  36.2833, -100.4541
  36.2955, -100.4498
  36.3076, -100.4469
  36.3197, -100.4581
  36.3248, -100.4678
  36.3249, -100.4965
  36.3197, -100.5045
  36.3076, -100.5144
  36.2955, -100.5213
  36.2919, -100.5252
  36.2833, -100.5326
  36.2712, -100.5345
  36.2591, -100.5377
  36.2470, -100.5474
  36.2388, -100.5539
  36.2348, -100.5550
  36.2310, -100.5539
  36.2227, -100.5468
  36.2106, -100.5327
  36.2056, -100.5539
  36.1985, -100.5755
  36.1960, -100.5825
  36.1985, -100.6038
  36.2003, -100.6112
  36.2106, -100.6180
  36.2227, -100.6186
  36.2348, -100.6234
  36.2470, -100.6289
  36.2591, -100.6135
  36.2610, -100.6112
  36.2712, -100.6054
  36.2833, -100.6071
  36.2955, -100.6048
  36.3076, -100.6006
  36.3194, -100.5825
  36.3197, -100.5821
  36.3318, -100.5715
  36.3440, -100.5591
  36.3561, -100.5557
  36.3682, -100.5662
  36.3765, -100.5825
  36.3803, -100.5879
  36.3925, -100.6055
  36.3946, -100.6112
  36.4043, -100.6399
  36.3947, -100.6686
  36.3949, -100.6972
  36.3925, -100.7030
  36.3817, -100.7259
  36.3825, -100.7546
  36.3803, -100.7610
  36.3731, -100.7833
  36.3682, -100.7994
  36.3647, -100.8119
  36.3561, -100.8268
  36.3447, -100.8406
  36.3545, -100.8693
  36.3440, -100.8843
  36.3348, -100.8980
  36.3325, -100.9266
  36.3440, -100.9513
  36.3452, -100.9553
  36.3440, -100.9615
  36.3374, -100.9840
  36.3440, -100.9944
  36.3561, -100.9862
  36.3682, -100.9985
  36.3733, -101.0126
  36.3682, -101.0189
  36.3561, -101.0312
  36.3460, -101.0413
  36.3440, -101.0433
  36.3318, -101.0504
  36.3243, -101.0700
  36.3318, -101.0908
  36.3346, -101.0987
  36.3334, -101.1273
  36.3318, -101.1538
  36.3317, -101.1560
  36.3224, -101.1847
  36.3318, -101.2058
  36.3349, -101.2134
  36.3318, -101.2221
  36.3248, -101.2420
  36.3259, -101.2707
  36.3318, -101.2775
  36.3440, -101.2744
  36.3455, -101.2707
  36.3561, -101.2588
  36.3682, -101.2556
  36.3803, -101.2650
  36.3845, -101.2707
  36.3803, -101.2823
  36.3741, -101.2994
  36.3682, -101.3158
  36.3636, -101.3281
  36.3561, -101.3456
  36.3461, -101.3567
  36.3440, -101.3598
  36.3318, -101.3824
  36.3291, -101.3854
  36.3197, -101.3946
  36.3076, -101.4100
  36.2984, -101.4141
  36.2955, -101.4196
  36.2903, -101.4428
  36.2939, -101.4714
  36.2833, -101.4846
  36.2712, -101.4911
  36.2591, -101.4987
  36.2576, -101.5001
  36.2470, -101.5195
  36.2446, -101.5288
  36.2470, -101.5335
  36.2591, -101.5374
  36.2712, -101.5435
  36.2833, -101.5572
  36.2835, -101.5575
  36.2854, -101.5861
  36.2950, -101.6148
  36.2909, -101.6435
  36.2955, -101.6483
  36.3076, -101.6625
  36.3148, -101.6722
  36.3197, -101.6862
  36.3284, -101.7008
  36.3318, -101.7143
  36.3342, -101.7295
  36.3347, -101.7582
  36.3318, -101.7689
  36.3246, -101.7869
  36.3318, -101.8041
  36.3350, -101.8155
  36.3415, -101.8442
  36.3341, -101.8729
  36.3318, -101.8776
  36.3247, -101.9016
  36.3197, -101.9154
  36.3142, -101.9302
  36.3197, -101.9390
  36.3318, -101.9455
  36.3440, -101.9484
  36.3540, -101.9589
  36.3561, -101.9642
  36.3648, -101.9876
  36.3682, -101.9971
  36.3750, -102.0163
  36.3803, -102.0240
  36.3925, -102.0348
  36.4020, -102.0449
  36.4046, -102.0497
  36.4149, -102.0736
  36.4135, -102.1023
  36.4145, -102.1309
  36.4046, -102.1481
  36.3925, -102.1528
  36.3803, -102.1412
  36.3682, -102.1445
  36.3561, -102.1488
  36.3480, -102.1596
  36.3440, -102.1664
  36.3347, -102.1883
  36.3432, -102.2170
  36.3416, -102.2456
  36.3318, -102.2560
  36.3197, -102.2680
  36.3153, -102.2743
  36.3149, -102.3030
  36.3197, -102.3308
  36.3199, -102.3317
  36.3197, -102.3346
  36.3177, -102.3603
  36.3076, -102.3684
  36.2955, -102.3752
  36.2833, -102.3840
  36.2785, -102.3890
  36.2712, -102.3959
  36.2591, -102.4010
  36.2503, -102.4177
  36.2470, -102.4224
  36.2348, -102.4411
  36.2329, -102.4464
  36.2254, -102.4750
  36.2227, -102.4791
  36.2106, -102.4925
  36.1985, -102.4919
  36.1863, -102.4775
  36.1742, -102.4765
  36.1621, -102.4915
  36.1500, -102.4928
  36.1378, -102.4800
End:

Color: 0 255 0
Line: 3, 0, "2026-06-13 06:00:00 UTC\nMonitor Boundary"
  36.1863, -102.4681
  36.1955, -102.4464
  36.1863, -102.4384
  36.1810, -102.4464
  36.1863, -102.4681
End:

Color: 0 255 0
Line: 3, 0, "2026-06-13 06:00:00 UTC\nMonitor Boundary"
  36.2591, -102.3379
  36.2638, -102.3317
  36.2591, -102.3245
  36.2546, -102.3317
  36.2591, -102.3379
End:

Color: 0 255 0
Line: 3, 0, "2026-06-13 06:00:00 UTC\nMonitor Boundary"
  36.3076, -102.0932
  36.3136, -102.0736
  36.3076, -102.0625
  36.3051, -102.0736
  36.3076, -102.0932
End:

Color: 0 255 0
Line: 3, 0, "2026-06-13 06:00:00 UTC\nMonitor Boundary"
  37.1079, -102.0233
  37.0988, -102.0163
  37.0958, -102.0111
  37.0837, -102.0056
  37.0715, -101.9965
  37.0652, -101.9876
  37.0594, -101.9706
  37.0473, -101.9660
  37.0352, -101.9621
  37.0300, -101.9589
  37.0230, -101.9528
  37.0109, -101.9521
  36.9988, -101.9523
  36.9867, -101.9529
  36.9745, -101.9530
  36.9624, -101.9527
  36.9503, -101.9479
  36.9381, -101.9339
  36.9357, -101.9302
  36.9353, -101.9016
  36.9341, -101.8729
  36.9285, -101.8442
  36.9374, -101.8155
  36.9381, -101.8147
  36.9503, -101.8058
  36.9624, -101.8053
  36.9745, -101.8019
  36.9867, -101.7871
  36.9867, -101.7869
  36.9988, -101.7735
  37.0109, -101.7614
  37.0138, -101.7582
  37.0230, -101.7506
  37.0352, -101.7450
  37.0473, -101.7509
  37.0562, -101.7582
  37.0594, -101.7617
  37.0715, -101.7669
  37.0837, -101.7703
  37.0949, -101.7869
  37.0958, -101.7881
  37.1079, -101.7962
  37.1200, -101.8030
  37.1322, -101.8149
  37.1443, -101.8149
  37.1564, -101.8077
  37.1685, -101.8029
  37.1807, -101.7969
  37.1928, -101.7959
  37.2049, -101.8010
  37.2170, -101.7959
  37.2292, -101.7969
  37.2413, -101.8029
  37.2534, -101.8076
  37.2628, -101.8155
  37.2656, -101.8208
  37.2750, -101.8442
  37.2732, -101.8729
  37.2656, -101.8962
  37.2638, -101.9016
  37.2544, -101.9302
  37.2534, -101.9327
  37.2413, -101.9509
  37.2292, -101.9521
  37.2204, -101.9589
  37.2170, -101.9624
  37.2049, -101.9873
  37.2048, -101.9876
  37.1928, -102.0139
  37.1913, -102.0163
  37.1807, -102.0239
  37.1685, -102.0236
  37.1564, -102.0207
  37.1443, -102.0250
  37.1322, -102.0196
  37.1200, -102.0241
  37.1079, -102.0233
End:

Color: 0 255 0
Line: 3, 0, "2026-06-13 06:00:00 UTC\nMonitor Boundary"
  35.5679, -101.9128
  35.5561, -101.9016
  35.5558, -101.8924
  35.5551, -101.8729
  35.5558, -101.8713
  35.5679, -101.8447
  35.5682, -101.8442
  35.5800, -101.8359
  35.5922, -101.8368
  35.6015, -101.8442
  35.6043, -101.8503
  35.6132, -101.8729
  35.6043, -101.8855
  35.5939, -101.9016
  35.5922, -101.9038
  35.5800, -101.9139
  35.5679, -101.9128
End:

Color: 0 255 0
Line: 3, 0, "2026-06-13 06:00:00 UTC\nMonitor Boundary"
  36.0772, -101.7953
  36.0824, -101.7869
  36.0772, -101.7806
  36.0721, -101.7869
  36.0772, -101.7953
End:

Color: 0 255 0
Line: 3, 0, "2026-06-13 06:00:00 UTC\nMonitor Boundary"
  35.9923, -101.7373
  35.9991, -101.7295
  35.9923, -101.7253
  35.9879, -101.7295
  35.9923, -101.7373
End:

Color: 0 255 0
Line: 3, 0, "2026-06-13 06:00:00 UTC\nMonitor Boundary"
  36.0651, -101.7105
  36.0739, -101.7008
  36.0772, -101.6962
  36.0893, -101.6783
  36.0937, -101.6722
  36.0893, -101.6499
  36.0779, -101.6435
  36.0772, -101.6434
  36.0651, -101.6431
  36.0649, -101.6435
  36.0529, -101.6679
  36.0498, -101.6722
  36.0529, -101.6823
  36.0584, -101.7008
  36.0651, -101.7105
End:

Color: 0 255 0
Line: 3, 0, "2026-06-13 06:00:00 UTC\nMonitor Boundary"
  33.9430, -101.6794
  33.9365, -101.6722
  33.9430, -101.6559
  33.9551, -101.6465
  33.9673, -101.6564
  33.9735, -101.6722
  33.9673, -101.6792
  33.9551, -101.6850
  33.9430, -101.6794
End:

Color: 0 255 0
Line: 3, 0, "2026-06-13 06:00:00 UTC\nMonitor Boundary"
  36.1500, -101.6779
  36.1621, -101.6770
  36.1652, -101.6722
  36.1621, -101.6635
  36.1551, -101.6435
  36.1500, -101.6362
  36.1378, -101.6272
  36.1257, -101.6401
  36.1199, -101.6435
  36.1257, -101.6456
  36.1378, -101.6556
  36.1460, -101.6722
  36.1500, -101.6779
End:

Color: 0 255 0
Line: 3, 0, "2026-06-13 06:00:00 UTC\nMonitor Boundary"
  36.1985, -101.6227
  36.2001, -101.6148
  36.1985, -101.6123
  36.1974, -101.6148
  36.1985, -101.6227
End:

Color: 0 255 0
Line: 3, 0, "2026-06-13 06:00:00 UTC\nMonitor Boundary"
  33.9551, -101.5996
  33.9450, -101.5861
  33.9551, -101.5578
  33.9557, -101.5575
  33.9673, -101.5551
  33.9729, -101.5575
  33.9794, -101.5668
  33.9850, -101.5861
  33.9794, -101.5947
  33.9673, -101.6044
  33.9551, -101.5996
End:

Color: 0 255 0
Line: 3, 0, "2026-06-13 06:00:00 UTC\nMonitor Boundary"
  35.8225, -101.5602
  35.8196, -101.5575
  35.8225, -101.5333
  35.8238, -101.5288
  35.8347, -101.5250
  35.8466, -101.5288
  35.8468, -101.5293
  35.8503, -101.5575
  35.8468, -101.5606
  35.8347, -101.5650
  35.8225, -101.5602
End:

Color: 0 255 0
Line: 3, 0, "2026-06-13 06:00:00 UTC\nMonitor Boundary"
  36.2348, -101.4144
  36.2350, -101.4141
  36.2348, -101.4136
  36.2325, -101.4141
  36.2348, -101.4144
End:

Color: 0 255 0
Line: 3, 0, "2026-06-13 06:00:00 UTC\nMonitor Boundary"
  36.2470, -101.3880
  36.2497, -101.3854
  36.2470, -101.3828
  36.2457, -101.3854
  36.2470, -101.3880
End:

Color: 0 255 0
Line: 3, 0, "2026-06-13 06:00:00 UTC\nMonitor Boundary"
  37.1200, -101.1061
  37.1110, -101.0987
  37.1127, -101.0700
  37.1200, -101.0657
  37.1322, -101.0652
  37.1443, -101.0675
  37.1476, -101.0700
  37.1546, -101.0987
  37.1443, -101.1108
  37.1322, -101.1145
  37.1200, -101.1061
End:

Color: 0 255 0
Line: 3, 0, "2026-06-13 06:00:00 UTC\nMonitor Boundary"
  36.3682, -100.9668
  36.3650, -100.9553
  36.3682, -100.9439
  36.3782, -100.9266
  36.3803, -100.9256
  36.3925, -100.9265
  36.3928, -100.9266
  36.4046, -100.9380
  36.4150, -100.9553
  36.4046, -100.9695
  36.3925, -100.9742
  36.3803, -100.9731
  36.3682, -100.9668
End:

Color: 0 255 0
Line: 3, 0, "2026-06-13 06:00:00 UTC\nMonitor Boundary"
  37.1079, -100.9315
  37.1051, -100.9266
  37.1052, -100.8980
  37.1055, -100.8693
  37.1055, -100.8406
  37.0963, -100.8119
  37.1050, -100.7833
  37.1079, -100.7747
  37.1175, -100.7546
  37.1173, -100.7259
  37.1200, -100.7182
  37.1291, -100.6972
  37.1200, -100.6815
  37.1079, -100.6754
  37.1010, -100.6686
  37.1027, -100.6399
  37.1079, -100.6261
  37.1138, -100.6112
  37.1079, -100.6035
  37.0965, -100.5825
  37.0958, -100.5694
  37.0950, -100.5539
  37.0958, -100.5452
  37.0981, -100.5252
  37.1043, -100.4965
  37.1052, -100.4678
  37.0958, -100.4539
  37.0855, -100.4392
  37.0837, -100.4339
  37.0756, -100.4105
  37.0837, -100.3866
  37.0853, -100.3818
  37.0851, -100.3531
  37.0884, -100.3245
  37.0950, -100.2958
  37.0837, -100.2794
  37.0715, -100.2697
  37.0693, -100.2671
  37.0653, -100.2384
  37.0715, -100.2112
  37.0720, -100.2098
  37.0761, -100.1811
  37.0715, -100.1735
  37.0594, -100.1566
  37.0565, -100.1524
  37.0550, -100.1237
  37.0594, -100.1132
  37.0678, -100.0951
  37.0715, -100.0904
  37.0837, -100.0794
  37.0958, -100.0675
  37.1006, -100.0664
  37.1079, -100.0652
  37.1107, -100.0664
  37.1200, -100.0724
  37.1322, -100.0843
  37.1421, -100.0951
  37.1443, -100.1156
  37.1450, -100.1237
  37.1448, -100.1524
  37.1449, -100.1811
  37.1564, -100.1899
  37.1685, -100.2015
  37.1742, -100.2098
  37.1747, -100.2384
  37.1807, -100.2552
  37.1849, -100.2671
  37.1850, -100.2958
  37.1807, -100.3091
  37.1735, -100.3245
  37.1731, -100.3531
  37.1807, -100.3713
  37.1847, -100.3818
  37.1807, -100.3901
  37.1685, -100.4026
  37.1578, -100.4105
  37.1640, -100.4392
  37.1663, -100.4678
  37.1685, -100.4809
  37.1711, -100.4965
  37.1685, -100.5076
  37.1650, -100.5252
  37.1564, -100.5497
  37.1550, -100.5539
  37.1501, -100.5825
  37.1539, -100.6112
  37.1443, -100.6302
  37.1373, -100.6399
  37.1443, -100.6471
  37.1564, -100.6595
  37.1638, -100.6686
  37.1605, -100.6972
  37.1685, -100.7084
  37.1807, -100.7231
  37.1827, -100.7259
  37.1807, -100.7337
  37.1734, -100.7546
  37.1685, -100.7685
  37.1649, -100.7833
  37.1685, -100.7939
  37.1747, -100.8119
  37.1807, -100.8294
  37.1845, -100.8406
  37.1845, -100.8693
  37.1807, -100.8805
  37.1748, -100.8980
  37.1711, -100.9266
  37.1685, -100.9296
  37.1564, -100.9401
  37.1443, -100.9521
  37.1322, -100.9545
  37.1200, -100.9478
  37.1079, -100.9315
End:

Color: 0 255 0
Line: 3, 0, "2026-06-13 06:00:00 UTC\nMonitor Boundary"
  36.1985, -100.4970
  36.1987, -100.4965
  36.1985, -100.4962
  36.1982, -100.4965
  36.1985, -100.4970
End:

Color: 0 255 0
Line: 3, 0, "2026-06-13 06:00:00 UTC\nMonitor Boundary"
  36.9260, -99.6607
  36.9150, -99.6363
  36.9139, -99.6287
  36.9098, -99.6076
  36.9018, -99.5933
  36.8954, -99.5789
  36.9018, -99.5665
  36.9139, -99.5569
  36.9260, -99.5569
  36.9381, -99.5645
  36.9503, -99.5670
  36.9624, -99.5594
  36.9745, -99.5668
  36.9840, -99.5789
  36.9745, -99.5978
  36.9666, -99.6076
  36.9745, -99.6338
  36.9750, -99.6363
  36.9745, -99.6370
  36.9624, -99.6516
  36.9503, -99.6577
  36.9381, -99.6646
  36.9260, -99.6607
End:

Color: 0 255 0
Line: 3, 0, "2026-06-13 06:00:00 UTC\nMonitor Boundary"
  37.0715, -99.6391
  37.0687, -99.6363
  37.0665, -99.6076
  37.0715, -99.6019
  37.0837, -99.5951
  37.0958, -99.5995
  37.1034, -99.6076
  37.1011, -99.6363
  37.0958, -99.6412
  37.0837, -99.6449
  37.0715, -99.6391
End:

Color: 0 255 0
Line: 3, 0, "2026-06-13 06:00:00 UTC\nMonitor Boundary"
  37.3868, -99.6306
  37.3752, -99.6076
  37.3868, -99.5901
  37.3989, -99.5874
  37.4111, -99.6002
  37.4148, -99.6076
  37.4111, -99.6179
  37.3989, -99.6335
  37.3868, -99.6306
End:

Color: 0 255 0
Line: 3, 0, "2026-06-13 06:00:00 UTC\nMonitor Boundary"
  36.9260, -99.5253
  36.9253, -99.5216
  36.9180, -99.4929
  36.9139, -99.4904
  36.9088, -99.4929
  36.9018, -99.4948
  36.8896, -99.5041
  36.8775, -99.5028
  36.8667, -99.4929
  36.8654, -99.4887
  36.8566, -99.4642
  36.8533, -99.4545
  36.8476, -99.4356
  36.8533, -99.4249
  36.8654, -99.4082
  36.8660, -99.4069
  36.8775, -99.3972
  36.8896, -99.3959
  36.9018, -99.3949
  36.9139, -99.3891
  36.9206, -99.3782
  36.9139, -99.3673
  36.9056, -99.3495
  36.9018, -99.3388
  36.8955, -99.3209
  36.9018, -99.3068
  36.9139, -99.2966
  36.9260, -99.3035
  36.9381, -99.3121
  36.9503, -99.3155
  36.9624, -99.3166
  36.9684, -99.3209
  36.9745, -99.3495
  36.9745, -99.3545
  36.9747, -99.3782
  36.9745, -99.3789
  36.9624, -99.4010
  36.9503, -99.4028
  36.9381, -99.3960
  36.9260, -99.4003
  36.9244, -99.4069
  36.9260, -99.4103
  36.9350, -99.4356
  36.9381, -99.4446
  36.9450, -99.4642
  36.9503, -99.4768
  36.9624, -99.4756
  36.9745, -99.4798
  36.9849, -99.4929
  36.9758, -99.5216
  36.9745, -99.5235
  36.9624, -99.5403
  36.9503, -99.5420
  36.9381, -99.5407
  36.9260, -99.5253
End:

Color: 0 255 0
Line: 3, 0, "2026-06-13 06:00:00 UTC\nMonitor Boundary"
  37.4838, -99.4481
  37.4750, -99.4356
  37.4838, -99.4223
  37.4959, -99.4155
  37.5081, -99.4245
  37.5150, -99.4356
  37.5081, -99.4460
  37.4959, -99.4548
  37.4838, -99.4481
End:

Color: 0 255 0
Line: 3, 0, "2026-06-13 06:00:00 UTC\nMonitor Boundary"
  37.0715, -99.4162
  37.0651, -99.4069
  37.0594, -99.3984
  37.0473, -99.3813
  37.0453, -99.3782
  37.0473, -99.3678
  37.0533, -99.3495
  37.0594, -99.3459
  37.0715, -99.3462
  37.0768, -99.3495
  37.0837, -99.3576
  37.0947, -99.3782
  37.0958, -99.3811
  37.1049, -99.4069
  37.0958, -99.4190
  37.0837, -99.4248
  37.0715, -99.4162
End:

Color: 0 255 0
Line: 3, 0, "2026-06-13 06:00:00 UTC\nMonitor Boundary"
  36.8896, -99.2718
  36.8851, -99.2635
  36.8896, -99.2564
  36.9018, -99.2459
  36.9139, -99.2495
  36.9249, -99.2635
  36.9139, -99.2863
  36.9018, -99.2842
  36.8896, -99.2718
End:

Color: 0 255 0
Line: 3, 0, "2026-06-13 06:00:00 UTC\nMonitor Boundary"
  44.1653, -97.3150
  44.1606, -97.3137
  44.1532, -97.3045
  44.1480, -97.2850
  44.1532, -97.2798
  44.1653, -97.2750
  44.1774, -97.2752
  44.1895, -97.2821
  44.1922, -97.2850
  44.1895, -97.2962
  44.1804, -97.3137
  44.1774, -97.3148
  44.1653, -97.3150
End:

Color: 0 255 0
Line: 3, 0, "2026-06-13 06:00:00 UTC\nMonitor Boundary"
  44.3593, -97.2040
  44.3514, -97.1990
  44.3523, -97.1703
  44.3553, -97.1416
  44.3472, -97.1146
  44.3467, -97.1129
  44.3472, -97.1112
  44.3593, -97.0879
  44.3714, -97.0885
  44.3833, -97.1129
  44.3835, -97.1132
  44.3957, -97.1293
  44.4047, -97.1416
  44.3957, -97.1590
  44.3872, -97.1703
  44.3835, -97.1828
  44.3786, -97.1990
  44.3714, -97.2037
  44.3593, -97.2040
End:

Color: 0 255 0
Line: 3, 0, "2026-06-13 06:00:00 UTC\nMonitor Boundary"
  43.9106, -96.5744
  43.9003, -96.5681
  43.9035, -96.5395
  43.9106, -96.5355
  43.9228, -96.5367
  43.9268, -96.5395
  43.9295, -96.5681
  43.9228, -96.5731
  43.9106, -96.5744
End:

Color: 0 255 0
Line: 3, 0, "2026-06-13 06:00:00 UTC\nMonitor Boundary"
  43.8985, -96.3726
  43.8952, -96.3674
  43.8985, -96.3584
  43.9061, -96.3387
  43.9106, -96.3331
  43.9228, -96.3252
  43.9349, -96.3291
  43.9467, -96.3387
  43.9470, -96.3409
  43.9504, -96.3674
  43.9470, -96.3705
  43.9349, -96.3763
  43.9228, -96.3816
  43.9106, -96.3837
  43.8985, -96.3726
End:

Color: 0 255 0
Line: 3, 0, "2026-06-13 06:00:00 UTC\nMonitor Boundary"
  32.1120, -94.6793
  32.1076, -94.6756
  32.0998, -94.6566
  32.0968, -94.6469
  32.0998, -94.6433
  32.1120, -94.6347
  32.1241, -94.6305
  32.1362, -94.6262
  32.1484, -94.6356
  32.1560, -94.6469
  32.1605, -94.6686
  32.1619, -94.6756
  32.1605, -94.6771
  32.1484, -94.6846
  32.1362, -94.6849
  32.1241, -94.6850
  32.1120, -94.6793
End:

Color: 0 255 0
Line: 3, 0, "2026-06-13 06:00:00 UTC\nMonitor Boundary"
  32.1969, -94.6827
  32.1884, -94.6756
  32.1965, -94.6469
  32.1969, -94.6467
  32.2090, -94.6454
  32.2211, -94.6460
  32.2228, -94.6469
  32.2317, -94.6756
  32.2211, -94.6837
  32.2090, -94.6844
  32.1969, -94.6827
End:

Color: 0 255 0
Line: 3, 0, "2026-06-13 06:00:00 UTC\nMonitor Boundary"
  31.9422, -94.5048
  31.9393, -94.5036
  31.9301, -94.4913
  31.9250, -94.4749
  31.9301, -94.4666
  31.9422, -94.4560
  31.9543, -94.4552
  31.9665, -94.4624
  31.9750, -94.4749
  31.9665, -94.4894
  31.9543, -94.5025
  31.9496, -94.5036
  31.9422, -94.5048
End:

Color: 0 255 0
Line: 3, 0, "2026-06-13 06:00:00 UTC\nMonitor Boundary"
  32.4273, -93.6188
  32.4250, -93.6147
  32.4273, -93.6107
  32.4394, -93.5974
  32.4515, -93.5980
  32.4636, -93.6122
  32.4650, -93.6147
  32.4636, -93.6172
  32.4515, -93.6318
  32.4394, -93.6324
  32.4273, -93.6188
End:

Color: 0 255 0
Line: 3, 0, "2026-06-13 06:00:00 UTC\nMonitor Boundary"
  32.2817, -88.5447
  32.2716, -88.5393
  32.2696, -88.5371
  32.2575, -88.5143
  32.2553, -88.5106
  32.2454, -88.4984
  32.2353, -88.4820
  32.2454, -88.4597
  32.2492, -88.4533
  32.2575, -88.4469
  32.2696, -88.4457
  32.2817, -88.4454
  32.2939, -88.4450
  32.3060, -88.4489
  32.3108, -88.4533
  32.3147, -88.4820
  32.3072, -88.5106
  32.3060, -88.5147
  32.2983, -88.5393
  32.2939, -88.5427
  32.2817, -88.5447
End:

Color: 0 255 0
Line: 3, 0, "2026-06-13 06:00:00 UTC\nMonitor Boundary"
  34.8161, -82.3224
  34.8095, -82.3170
  34.8144, -82.2883
  34.8161, -82.2872
  34.8282, -82.2853
  34.8346, -82.2883
  34.8403, -82.3122
  34.8410, -82.3170
  34.8403, -82.3176
  34.8282, -82.3247
  34.8161, -82.3224
End:

Color: 0 255 0
Line: 3, 0, "2026-06-13 06:00:00 UTC\nMonitor Boundary"
  30.2082, -82.1747
  30.2005, -82.1736
  30.1961, -82.1719
  30.1839, -82.1650
  30.1718, -82.1638
  30.1597, -82.1626
  30.1476, -82.1495
  30.1450, -82.1449
  30.1470, -82.1163
  30.1476, -82.1155
  30.1597, -82.1030
  30.1718, -82.0966
  30.1839, -82.1002
  30.1961, -82.1038
  30.2082, -82.1112
  30.2128, -82.1163
  30.2203, -82.1253
  30.2324, -82.1404
  30.2350, -82.1449
  30.2324, -82.1496
  30.2203, -82.1674
  30.2108, -82.1736
  30.2082, -82.1747
End:

Color: 0 255 0
Line: 3, 0, "2026-06-13 06:00:00 UTC\nMonitor Boundary"
  26.0974, -81.7192
  26.0950, -81.7148
  26.0950, -81.6861
  26.0974, -81.6766
  26.1065, -81.6575
  26.1061, -81.6288
  26.1096, -81.6237
  26.1217, -81.6112
  26.1338, -81.6068
  26.1460, -81.6100
  26.1581, -81.6207
  26.1702, -81.6236
  26.1823, -81.6153
  26.1945, -81.6188
  26.2039, -81.6288
  26.2066, -81.6354
  26.2148, -81.6575
  26.2066, -81.6765
  26.2013, -81.6861
  26.1945, -81.6920
  26.1823, -81.6948
  26.1702, -81.6944
  26.1581, -81.6990
  26.1460, -81.7134
  26.1450, -81.7148
  26.1338, -81.7301
  26.1217, -81.7337
  26.1096, -81.7325
  26.0974, -81.7192
End:

Color: 0 255 0
Line: 3, 0, "2026-06-13 06:00:00 UTC\nMonitor Boundary"
  26.3885, -81.7235
  26.3778, -81.7148
  26.3843, -81.6861
  26.3885, -81.6731
  26.3948, -81.6575
  26.4006, -81.6527
  26.4127, -81.6452
  26.4248, -81.6488
  26.4353, -81.6575
  26.4370, -81.6602
  26.4491, -81.6670
  26.4612, -81.6793
  26.4650, -81.6861
  26.4624, -81.7148
  26.4612, -81.7161
  26.4491, -81.7244
  26.4370, -81.7249
  26.4248, -81.7250
  26.4127, -81.7229
  26.4006, -81.7243
  26.3885, -81.7235
End:

Color: 0 255 0
Line: 3, 0, "2026-06-13 06:00:00 UTC\nMonitor Boundary"
  25.9398, -81.5761
  25.9361, -81.5714
  25.9351, -81.5428
  25.9373, -81.5141
  25.9398, -81.5048
  25.9515, -81.4854
  25.9519, -81.4852
  25.9641, -81.4850
  25.9762, -81.4849
  25.9883, -81.4766
  26.0004, -81.4761
  26.0126, -81.4854
  26.0126, -81.4854
  26.0247, -81.4978
  26.0350, -81.5141
  26.0349, -81.5428
  26.0247, -81.5586
  26.0126, -81.5634
  26.0004, -81.5624
  25.9883, -81.5593
  25.9763, -81.5714
  25.9762, -81.5716
  25.9641, -81.5816
  25.9519, -81.5846
  25.9398, -81.5761
End:

Color: 0 255 0
Line: 3, 0, "2026-06-13 06:00:00 UTC\nMonitor Boundary"
  25.3941, -81.4116
  25.3855, -81.3994
  25.3941, -81.3834
  25.4063, -81.3770
  25.4184, -81.3812
  25.4305, -81.3940
  25.4341, -81.3994
  25.4305, -81.4083
  25.4184, -81.4224
  25.4063, -81.4214
  25.3941, -81.4116
End:

Color: 0 255 0
Line: 3, 0, "2026-06-13 06:00:00 UTC\nMonitor Boundary"
  26.3036, -81.4016
  26.3015, -81.3994
  26.2955, -81.3707
  26.3036, -81.3608
  26.3157, -81.3532
  26.3278, -81.3447
  26.3302, -81.3421
  26.3400, -81.3329
  26.3521, -81.3204
  26.3588, -81.3134
  26.3642, -81.3088
  26.3763, -81.3051
  26.3885, -81.3108
  26.3911, -81.3134
  26.3936, -81.3421
  26.3885, -81.3495
  26.3763, -81.3673
  26.3745, -81.3707
  26.3683, -81.3994
  26.3642, -81.4025
  26.3521, -81.4062
  26.3400, -81.4137
  26.3278, -81.4145
  26.3157, -81.4110
  26.3036, -81.4016
End:

Color: 0 255 0
Line: 3, 0, "2026-06-13 06:00:00 UTC\nMonitor Boundary"
  25.5760, -81.3517
  25.5664, -81.3421
  25.5639, -81.3372
  25.5518, -81.3333
  25.5396, -81.3273
  25.5275, -81.3228
  25.5170, -81.3134
  25.5154, -81.2913
  25.5150, -81.2847
  25.5150, -81.2560
  25.5033, -81.2386
  25.4911, -81.2345
  25.4794, -81.2274
  25.4790, -81.2270
  25.4669, -81.2201
  25.4554, -81.1987
  25.4669, -81.1804
  25.4790, -81.1777
  25.4911, -81.1776
  25.5033, -81.1792
  25.5154, -81.1875
  25.5275, -81.1946
  25.5353, -81.1987
  25.5396, -81.2187
  25.5518, -81.2229
  25.5639, -81.2246
  25.5760, -81.2250
  25.5882, -81.2253
  25.5928, -81.2274
  25.6003, -81.2487
  25.6016, -81.2560
  25.6003, -81.2585
  25.5882, -81.2770
  25.5850, -81.2847
  25.5882, -81.2928
  25.6003, -81.3116
  25.6012, -81.3134
  25.6036, -81.3421
  25.6003, -81.3462
  25.5882, -81.3546
  25.5760, -81.3517
End:

Color: 0 255 0
Line: 3, 0, "2026-06-13 06:00:00 UTC\nMonitor Boundary"
  25.9883, -81.3438
  25.9854, -81.3421
  25.9791, -81.3134
  25.9883, -81.3065
  26.0004, -81.3060
  26.0110, -81.3134
  26.0043, -81.3421
  26.0004, -81.3442
  25.9883, -81.3438
End:

Color: 0 255 0
Line: 3, 0, "2026-06-13 06:00:00 UTC\nMonitor Boundary"
  26.4855, -81.2918
  26.4771, -81.2847
  26.4734, -81.2746
  26.4674, -81.2560
  26.4734, -81.2499
  26.4855, -81.2433
  26.4976, -81.2390
  26.5097, -81.2373
  26.5219, -81.2503
  26.5250, -81.2560
  26.5219, -81.2659
  26.5132, -81.2847
  26.5097, -81.2876
  26.4976, -81.2947
  26.4855, -81.2918
End:

Color: 0 255 0
Line: 3, 0, "2026-06-13 06:00:00 UTC\nMonitor Boundary"
  25.3941, -81.1419
  25.3936, -81.1413
  25.3852, -81.1127
  25.3941, -81.1009
  25.4063, -81.0932
  25.4184, -81.0872
  25.4305, -81.0870
  25.4426, -81.0949
  25.4548, -81.1068
  25.4603, -81.1127
  25.4669, -81.1243
  25.4746, -81.1413
  25.4669, -81.1570
  25.4548, -81.1633
  25.4426, -81.1629
  25.4305, -81.1621
  25.4184, -81.1574
  25.4063, -81.1518
  25.3941, -81.1419
End:

Color: 0 255 0
Line: 3, 0, "2026-06-13 06:00:00 UTC\nMonitor Boundary"
  25.3335, -81.0605
  25.3229, -81.0553
  25.3214, -81.0537
  25.3093, -81.0345
  25.3069, -81.0266
  25.3093, -81.0239
  25.3214, -81.0155
  25.3335, -81.0178
  25.3456, -81.0247
  25.3578, -81.0252
  25.3612, -81.0266
  25.3699, -81.0455
  25.3720, -81.0553
  25.3699, -81.0576
  25.3578, -81.0647
  25.3456, -81.0650
  25.3335, -81.0605
End:

Color: 0 255 0
Line: 3, 0, "2026-06-13 06:00:00 UTC\nMonitor Boundary"
  26.8856, -81.0192
  26.8752, -80.9980
  26.8831, -80.9693
  26.8856, -80.9668
  26.8978, -80.9609
  26.9099, -80.9424
  26.9116, -80.9406
  26.9220, -80.9321
  26.9341, -80.9238
  26.9463, -80.9171
  26.9584, -80.9176
  26.9705, -80.9317
  26.9741, -80.9406
  26.9826, -80.9650
  26.9841, -80.9693
  26.9826, -80.9733
  26.9705, -80.9913
  26.9584, -80.9928
  26.9463, -80.9933
  26.9341, -80.9934
  26.9298, -80.9980
  26.9220, -81.0056
  26.9099, -81.0179
  26.8978, -81.0237
  26.8856, -81.0192
End:

Color: 0 255 0
Line: 3, 0, "2026-06-13 06:00:00 UTC\nMonitor Boundary"
  36.2833, -76.7549
  36.2812, -76.7542
  36.2712, -76.7489
  36.2591, -76.7327
  36.2550, -76.7255
  36.2551, -76.6968
  36.2553, -76.6681
  36.2555, -76.6395
  36.2559, -76.6108
  36.2591, -76.6012
  36.2652, -76.5821
  36.2689, -76.5534
  36.2712, -76.5506
  36.2833, -76.5402
  36.2955, -76.5280
  36.3076, -76.5254
  36.3197, -76.5319
  36.3318, -76.5481
  36.3349, -76.5534
  36.3397, -76.5821
  36.3440, -76.6092
  36.3441, -76.6108
  36.3440, -76.6112
  36.3318, -76.6347
  36.3280, -76.6395
  36.3197, -76.6536
  36.3147, -76.6681
  36.3149, -76.6968
  36.3150, -76.7255
  36.3076, -76.7380
  36.2955, -76.7517
  36.2869, -76.7542
  36.2833, -76.7549
End:

Color: 0 255 0
Line: 3, 0, "2026-06-13 06:00:00 UTC\nMonitor Boundary"
  36.3925, -76.5306
  36.3878, -76.5248
  36.3850, -76.4961
  36.3852, -76.4674
  36.3854, -76.4387
  36.3857, -76.4101
  36.3925, -76.4017
  36.4046, -76.3933
  36.4153, -76.3814
  36.4167, -76.3775
  36.4289, -76.3533
  36.4293, -76.3527
  36.4410, -76.3455
  36.4531, -76.3451
  36.4652, -76.3483
  36.4703, -76.3527
  36.4774, -76.3652
  36.4846, -76.3814
  36.4843, -76.4101
  36.4846, -76.4387
  36.4774, -76.4496
  36.4652, -76.4668
  36.4648, -76.4674
  36.4550, -76.4961
  36.4531, -76.5023
  36.4429, -76.5248
  36.4410, -76.5266
  36.4289, -76.5377
  36.4167, -76.5443
  36.4046, -76.5391
  36.3925, -76.5306
End:

Color: 0 255 0
Line: 3, 0, "2026-06-13 06:00:00 UTC\nMonitor Boundary"
  36.3682, -75.9881
  36.3626, -75.9800
  36.3561, -75.9556
  36.3554, -75.9513
  36.3561, -75.9450
  36.3598, -75.9226
  36.3682, -75.9147
  36.3803, -75.9064
  36.3925, -75.9082
  36.4046, -75.9137
  36.4167, -75.9193
  36.4204, -75.9226
  36.4289, -75.9383
  36.4346, -75.9513
  36.4343, -75.9800
  36.4289, -75.9880
  36.4167, -76.0000
  36.4046, -76.0030
  36.3925, -76.0027
  36.3803, -76.0019
  36.3682, -75.9881
End:

Color: 0 255 0
Line: 3, 0, "2026-06-13 06:00:00 UTC\nMonitor Boundary"
  35.9802, -75.9269
  35.9766, -75.9226
  35.9681, -75.9089
  35.9572, -75.8939
  35.9559, -75.8787
  35.9550, -75.8653
  35.9559, -75.8617
  35.9663, -75.8366
  35.9681, -75.8349
  35.9802, -75.8173
  35.9852, -75.8079
  35.9859, -75.7792
  35.9856, -75.7506
  35.9923, -75.7360
  36.0044, -75.7267
  36.0166, -75.7268
  36.0287, -75.7312
  36.0408, -75.7449
  36.0445, -75.7506
  36.0467, -75.7792
  36.0497, -75.8079
  36.0408, -75.8198
  36.0311, -75.8366
  36.0408, -75.8506
  36.0524, -75.8653
  36.0436, -75.8939
  36.0408, -75.8964
  36.0287, -75.9089
  36.0166, -75.9194
  36.0151, -75.9226
  36.0044, -75.9315
  35.9923, -75.9347
  35.9802, -75.9269
End:

Color: 0 255 0
Line: 3, 0, "2026-06-13 06:00:00 UTC\nMonitor Boundary"
  35.8711, -75.6646
  35.8709, -75.6645
  35.8589, -75.6566
  35.8468, -75.6447
  35.8347, -75.6364
  35.8225, -75.6514
  35.8104, -75.6533
  35.7983, -75.6413
  35.7950, -75.6359
  35.7983, -75.6299
  35.8104, -75.6139
  35.8151, -75.6072
  35.8104, -75.5943
  35.8008, -75.5785
  35.7983, -75.5758
  35.7862, -75.5640
  35.7756, -75.5498
  35.7862, -75.5313
  35.7983, -75.5276
  35.8038, -75.5212
  35.8104, -75.5134
  35.8225, -75.5002
  35.8298, -75.4925
  35.8250, -75.4638
  35.8347, -75.4361
  35.8350, -75.4351
  35.8468, -75.4194
  35.8589, -75.4166
  35.8711, -75.4284
  35.8755, -75.4351
  35.8829, -75.4638
  35.8832, -75.4643
  35.8953, -75.4854
  35.9002, -75.4925
  35.8966, -75.5212
  35.9074, -75.5357
  35.9196, -75.5433
  35.9271, -75.5498
  35.9317, -75.5547
  35.9438, -75.5765
  35.9447, -75.5785
  35.9532, -75.6072
  35.9438, -75.6289
  35.9321, -75.6359
  35.9317, -75.6360
  35.9196, -75.6470
  35.9074, -75.6543
  35.8953, -75.6617
  35.8850, -75.6645
  35.8832, -75.6649
  35.8711, -75.6646
End:

Color: 0 255 0
Line: 3, 0, "2026-06-13 06:00:00 UTC\nMonitor Boundary"
  36.3682, -75.6733
  36.3576, -75.6645
  36.3682, -75.6369
  36.3694, -75.6359
  36.3803, -75.6319
  36.3925, -75.6215
  36.4046, -75.6155
  36.4167, -75.6230
  36.4250, -75.6359
  36.4167, -75.6494
  36.4046, -75.6621
  36.4024, -75.6645
  36.3925, -75.6730
  36.3803, -75.6742
  36.3682, -75.6733
End:

Color: 0 255 0
Line: 3, 0, "2026-06-13 06:00:00 UTC\nMonitor Boundary"
  35.5922, -75.5503
  35.5917, -75.5498
  35.5800, -75.5308
  35.5754, -75.5212
  35.5679, -75.5002
  35.5652, -75.4925
  35.5679, -75.4879
  35.5800, -75.4722
  35.5922, -75.4661
  35.6043, -75.4663
  35.6164, -75.4693
  35.6285, -75.4759
  35.6407, -75.4763
  35.6528, -75.4783
  35.6649, -75.4870
  35.6701, -75.4925
  35.6770, -75.5144
  35.6792, -75.5212
  35.6782, -75.5498
  35.6770, -75.5511
  35.6649, -75.5606
  35.6528, -75.5647
  35.6407, -75.5564
  35.6285, -75.5643
  35.6164, -75.5616
  35.6043, -75.5558
  35.5922, -75.5503
End:

Color: 0 255 0
Line: 3, 0, "2026-06-13 06:00:00 UTC\nMonitor Boundary"
  35.9438, -75.4950
  35.9371, -75.4925
  35.9317, -75.4801
  35.9286, -75.4638
  35.9317, -75.4602
  35.9438, -75.4517
  35.9559, -75.4451
  35.9681, -75.4537
  35.9750, -75.4638
  35.9681, -75.4865
  35.9629, -75.4925
  35.9559, -75.4950
  35.9438, -75.4950
End:

Color: 0 255 0
Line: 3, 0, "2026-06-13 06:00:00 UTC\nMonitor Boundary"
  46.4571, -70.5034
  46.4568, -70.5032
  46.4450, -70.4745
  46.4571, -70.4590
  46.4692, -70.4566
  46.4814, -70.4563
  46.4935, -70.4554
  46.5056, -70.4613
  46.5150, -70.4745
  46.5056, -70.4904
  46.4935, -70.5031
  46.4932, -70.5032
  46.4814, -70.5046
  46.4692, -70.5045
  46.4571, -70.5034
End:

Color: 0 255 0
Line: 3, 0, "2026-06-13 06:00:00 UTC\nMonitor Boundary"
  46.1055, -70.4753
  46.1050, -70.4745
  46.1055, -70.4683
  46.1074, -70.4458
  46.1096, -70.4171
  46.1061, -70.3885
  46.1176, -70.3661
  46.1224, -70.3598
  46.1176, -70.3547
  46.1055, -70.3426
  46.0961, -70.3311
  46.1055, -70.3122
  46.1176, -70.3073
  46.1233, -70.3024
  46.1297, -70.2921
  46.1350, -70.2738
  46.1350, -70.2451
  46.1418, -70.2247
  46.1457, -70.2164
  46.1452, -70.1877
  46.1455, -70.1591
  46.1418, -70.1482
  46.1358, -70.1304
  46.1402, -70.1017
  46.1297, -70.0799
  46.1268, -70.0730
  46.1282, -70.0444
  46.1297, -70.0420
  46.1418, -70.0232
  46.1450, -70.0157
  46.1418, -70.0064
  46.1351, -69.9870
  46.1418, -69.9744
  46.1539, -69.9583
  46.1540, -69.9581
  46.1556, -69.9297
  46.1613, -69.9010
  46.1661, -69.8962
  46.1782, -69.8839
  46.1895, -69.8723
  46.1903, -69.8715
  46.2025, -69.8610
  46.2146, -69.8444
  46.2150, -69.8436
  46.2150, -69.8150
  46.2267, -69.7869
  46.2270, -69.7863
  46.2352, -69.7576
  46.2388, -69.7414
  46.2443, -69.7289
  46.2510, -69.7255
  46.2631, -69.7251
  46.2752, -69.7250
  46.2866, -69.7289
  46.2873, -69.7299
  46.2948, -69.7576
  46.2950, -69.7863
  46.2873, -69.7972
  46.2752, -69.8146
  46.2750, -69.8150
  46.2655, -69.8436
  46.2748, -69.8723
  46.2752, -69.8735
  46.2846, -69.9010
  46.2873, -69.9054
  46.2995, -69.9123
  46.3116, -69.9076
  46.3237, -69.9070
  46.3358, -69.9135
  46.3444, -69.9297
  46.3358, -69.9417
  46.3237, -69.9513
  46.3163, -69.9583
  46.3149, -69.9870
  46.3119, -70.0157
  46.3116, -70.0160
  46.2995, -70.0280
  46.2873, -70.0373
  46.2834, -70.0444
  46.2752, -70.0717
  46.2749, -70.0730
  46.2752, -70.0755
  46.2795, -70.1017
  46.2842, -70.1304
  46.2752, -70.1489
  46.2685, -70.1591
  46.2648, -70.1877
  46.2631, -70.1921
  46.2530, -70.2164
  46.2550, -70.2451
  46.2510, -70.2519
  46.2388, -70.2682
  46.2350, -70.2738
  46.2334, -70.3024
  46.2267, -70.3097
  46.2146, -70.3185
  46.2046, -70.3311
  46.2044, -70.3598
  46.2025, -70.3661
  46.1903, -70.3774
  46.1797, -70.3885
  46.1903, -70.4059
  46.2025, -70.3966
  46.2146, -70.3962
  46.2267, -70.4008
  46.2388, -70.4112
  46.2433, -70.4171
  46.2388, -70.4300
  46.2267, -70.4438
  46.2146, -70.4414
  46.2025, -70.4346
  46.1903, -70.4248
  46.1782, -70.4266
  46.1661, -70.4416
  46.1625, -70.4458
  46.1623, -70.4745
  46.1540, -70.4821
  46.1418, -70.4871
  46.1297, -70.4929
  46.1176, -70.4911
  46.1055, -70.4753
End:

Color: 0 255 0
Line: 3, 0, "2026-06-13 06:00:00 UTC\nMonitor Boundary"
  46.4207, -70.4015
  46.4153, -70.3885
  46.4207, -70.3778
  46.4329, -70.3669
  46.4450, -70.3721
  46.4547, -70.3885
  46.4450, -70.4082
  46.4329, -70.4136
  46.4207, -70.4015
End:

Color: 0 255 0
Line: 3, 0, "2026-06-13 06:00:00 UTC\nMonitor Boundary"
  46.4086, -70.3349
  46.4060, -70.3311
  46.4052, -70.3024
  46.4086, -70.2929
  46.4207, -70.2766
  46.4229, -70.2738
  46.4250, -70.2451
  46.4329, -70.2332
  46.4450, -70.2165
  46.4451, -70.2164
  46.4555, -70.1877
  46.4454, -70.1591
  46.4456, -70.1304
  46.4571, -70.1140
  46.4653, -70.1017
  46.4651, -70.0730
  46.4674, -70.0444
  46.4674, -70.0157
  46.4690, -69.9870
  46.4662, -69.9583
  46.4692, -69.9545
  46.4814, -69.9456
  46.4935, -69.9440
  46.5056, -69.9396
  46.5177, -69.9371
  46.5299, -69.9374
  46.5411, -69.9297
  46.5299, -69.9217
  46.5177, -69.9094
  46.5154, -69.9010
  46.5177, -69.8976
  46.5299, -69.8864
  46.5420, -69.8855
  46.5541, -69.8850
  46.5662, -69.8908
  46.5745, -69.9010
  46.5683, -69.9297
  46.5662, -69.9316
  46.5541, -69.9401
  46.5447, -69.9583
  46.5449, -69.9870
  46.5503, -70.0157
  46.5541, -70.0189
  46.5650, -70.0444
  46.5541, -70.0599
  46.5449, -70.0730
  46.5447, -70.1017
  46.5420, -70.1155
  46.5368, -70.1304
  46.5420, -70.1457
  46.5446, -70.1591
  46.5420, -70.1657
  46.5299, -70.1822
  46.5177, -70.1831
  46.5148, -70.1877
  46.5149, -70.2164
  46.5120, -70.2451
  46.5056, -70.2625
  46.5011, -70.2738
  46.4945, -70.3024
  46.4946, -70.3311
  46.4935, -70.3338
  46.4814, -70.3509
  46.4692, -70.3522
  46.4571, -70.3510
  46.4450, -70.3501
  46.4329, -70.3517
  46.4207, -70.3478
  46.4086, -70.3349
End:

Color: 0 255 0
Line: 3, 0, "2026-06-13 06:00:00 UTC\nMonitor Boundary"
  46.3722, -70.2562
  46.3650, -70.2451
  46.3722, -70.2339
  46.3843, -70.2252
  46.3965, -70.2324
  46.4050, -70.2451
  46.3965, -70.2576
  46.3843, -70.2648
  46.3722, -70.2562
End:

Color: 0 255 0
Line: 3, 0, "2026-06-13 06:00:00 UTC\nMonitor Boundary"
  45.9842, -70.1615
  45.9812, -70.1591
  45.9817, -70.1304
  45.9842, -70.1162
  45.9863, -70.1017
  45.9895, -70.0730
  45.9963, -70.0658
  46.0084, -70.0538
  46.0176, -70.0444
  46.0206, -70.0352
  46.0250, -70.0157
  46.0327, -69.9924
  46.0351, -69.9870
  46.0406, -69.9583
  46.0426, -69.9297
  46.0448, -69.9276
  46.0569, -69.9251
  46.0691, -69.9255
  46.0769, -69.9297
  46.0795, -69.9583
  46.0732, -69.9870
  46.0812, -69.9970
  46.0933, -70.0125
  46.0950, -70.0157
  46.0933, -70.0187
  46.0812, -70.0365
  46.0695, -70.0444
  46.0691, -70.0448
  46.0569, -70.0612
  46.0531, -70.0730
  46.0448, -70.0985
  46.0438, -70.1017
  46.0327, -70.1238
  46.0278, -70.1304
  46.0285, -70.1591
  46.0206, -70.1641
  46.0084, -70.1646
  45.9963, -70.1649
  45.9842, -70.1615
End:

Color: 0 255 0
Line: 3, 0, "2026-06-13 06:00:00 UTC\nMonitor Boundary"
  45.8023, -69.9730
  45.7963, -69.9583
  45.8023, -69.9513
  45.8144, -69.9450
  45.8266, -69.9503
  45.8337, -69.9583
  45.8266, -69.9749
  45.8144, -69.9832
  45.8023, -69.9730
End:

Color: 0 255 0
Line: 3, 0, "2026-06-13 06:00:00 UTC\nMonitor Boundary"
  45.9599, -69.9649
  45.9553, -69.9583
  45.9599, -69.9489
  45.9721, -69.9298
  45.9722, -69.9297
  45.9721, -69.9294
  45.9654, -69.9010
  45.9721, -69.8924
  45.9842, -69.8839
  45.9963, -69.8784
  46.0084, -69.8771
  46.0206, -69.8912
  46.0246, -69.9010
  46.0206, -69.9096
  46.0084, -69.9225
  45.9983, -69.9297
  46.0047, -69.9583
  45.9963, -69.9690
  45.9842, -69.9750
  45.9721, -69.9744
  45.9599, -69.9649
End:

Color: 0 255 0
Line: 3, 0, "2026-06-13 06:00:00 UTC\nMonitor Boundary"
  46.0569, -69.2166
  46.0551, -69.2128
  46.0569, -69.2073
  46.0669, -69.1841
  46.0569, -69.1613
  46.0550, -69.1555
  46.0569, -69.1519
  46.0691, -69.1379
  46.0812, -69.1366
  46.0933, -69.1396
  46.1055, -69.1474
  46.1123, -69.1555
  46.1055, -69.1774
  46.1031, -69.1841
  46.0949, -69.2128
  46.0933, -69.2160
  46.0812, -69.2315
  46.0691, -69.2317
  46.0569, -69.2166
End:

Color: 0 255 0
Line: 3, 0, "2026-06-13 06:00:00 UTC\nMonitor Boundary"
  46.1782, -69.1025
  46.1753, -69.0981
  46.1782, -69.0919
  46.1903, -69.0779
  46.2025, -69.0797
  46.2146, -69.0977
  46.2148, -69.0981
  46.2146, -69.0984
  46.2025, -69.1120
  46.1903, -69.1137
  46.1782, -69.1025
End:

Color: 0 255 0
Line: 3, 0, "2026-06-13 06:00:00 UTC\nMonitor Boundary"
  46.0327, -69.0488
  46.0259, -69.0408
  46.0206, -69.0245
  46.0164, -69.0121
  46.0206, -68.9987
  46.0251, -68.9834
  46.0327, -68.9641
  46.0375, -68.9547
  46.0374, -68.9261
  46.0448, -68.9149
  46.0569, -68.9017
  46.0598, -68.8974
  46.0569, -68.8932
  46.0448, -68.8826
  46.0327, -68.8847
  46.0206, -68.8758
  46.0154, -68.8687
  46.0206, -68.8582
  46.0327, -68.8471
  46.0448, -68.8520
  46.0569, -68.8503
  46.0691, -68.8477
  46.0812, -68.8613
  46.0864, -68.8687
  46.0902, -68.8974
  46.0933, -68.9004
  46.1055, -68.9117
  46.1176, -68.9091
  46.1297, -68.9049
  46.1352, -68.8974
  46.1418, -68.8855
  46.1540, -68.8763
  46.1661, -68.8829
  46.1748, -68.8974
  46.1661, -68.9228
  46.1650, -68.9261
  46.1552, -68.9547
  46.1661, -68.9642
  46.1782, -68.9737
  46.1849, -68.9834
  46.1782, -68.9948
  46.1661, -69.0040
  46.1540, -68.9974
  46.1418, -68.9893
  46.1297, -69.0026
  46.1176, -69.0035
  46.1055, -68.9990
  46.0950, -69.0121
  46.0933, -69.0195
  46.0863, -69.0408
  46.0812, -69.0449
  46.0691, -69.0542
  46.0569, -69.0548
  46.0448, -69.0550
  46.0327, -69.0488
End:

Color: 0 255 0
Line: 3, 0, "2026-06-13 06:00:00 UTC\nMonitor Boundary"
  46.6996, -68.9570
  46.6976, -68.9547
  46.6885, -68.9261
  46.6875, -68.9194
  46.6851, -68.8974
  46.6875, -68.8866
  46.6945, -68.8687
  46.6996, -68.8658
  46.7118, -68.8663
  46.7157, -68.8687
  46.7239, -68.8927
  46.7249, -68.8974
  46.7360, -68.9162
  46.7427, -68.9261
  46.7422, -68.9547
  46.7360, -68.9608
  46.7239, -68.9650
  46.7118, -68.9646
  46.6996, -68.9570
End:

Color: 0 255 0
Line: 3, 0, "2026-06-13 06:00:00 UTC\nMonitor Boundary"
  46.5420, -68.9120
  46.5366, -68.8974
  46.5420, -68.8866
  46.5535, -68.8687
  46.5541, -68.8682
  46.5662, -68.8582
  46.5784, -68.8555
  46.5905, -68.8637
  46.5939, -68.8687
  46.5948, -68.8974
  46.5905, -68.9039
  46.5784, -68.9142
  46.5662, -68.9208
  46.5541, -68.9237
  46.5420, -68.9120
End:

Color: 0 255 0
Line: 3, 0, "2026-06-13 06:00:00 UTC\nMonitor Boundary"
  46.5662, -68.8117
  46.5660, -68.8114
  46.5662, -68.8108
  46.5784, -68.7894
  46.5905, -68.7885
  46.6026, -68.8076
  46.6039, -68.8114
  46.6026, -68.8131
  46.5905, -68.8236
  46.5784, -68.8233
  46.5662, -68.8117
End:

Color: 0 255 0
Line: 3, 0, "2026-06-13 06:00:00 UTC\nMonitor Boundary"
  45.8023, -68.7658
  45.7950, -68.7540
  45.8023, -68.7366
  45.8078, -68.7253
  45.8144, -68.7015
  45.8195, -68.6967
  45.8266, -68.6951
  45.8309, -68.6967
  45.8387, -68.7101
  45.8423, -68.7253
  45.8427, -68.7540
  45.8387, -68.7592
  45.8266, -68.7689
  45.8144, -68.7744
  45.8023, -68.7658
End:

Color: 0 255 0
Line: 3, 0, "2026-06-13 06:00:00 UTC\nMonitor Boundary"
  45.9478, -68.7548
  45.9472, -68.7540
  45.9450, -68.7253
  45.9478, -68.7182
  45.9569, -68.6967
  45.9599, -68.6924
  45.9721, -68.6755
  45.9764, -68.6680
  45.9842, -68.6596
  45.9963, -68.6551
  46.0084, -68.6620
  46.0136, -68.6680
  46.0084, -68.6814
  45.9963, -68.6933
  45.9941, -68.6967
  45.9950, -68.7253
  45.9926, -68.7540
  45.9842, -68.7619
  45.9721, -68.7647
  45.9599, -68.7640
  45.9478, -68.7548
End:

Color: 0 255 0
Line: 3, 0, "2026-06-13 06:00:00 UTC\nMonitor Boundary"
  46.1055, -68.7549
  46.1050, -68.7540
  46.1055, -68.7533
  46.1176, -68.7349
  46.1269, -68.7253
  46.1297, -68.7230
  46.1418, -68.7154
  46.1540, -68.7150
  46.1661, -68.7193
  46.1722, -68.7253
  46.1661, -68.7491
  46.1650, -68.7540
  46.1540, -68.7697
  46.1418, -68.7735
  46.1297, -68.7727
  46.1176, -68.7710
  46.1055, -68.7549
End:

Color: 0 255 0
Line: 3, 0, "2026-06-13 06:00:00 UTC\nMonitor Boundary"
  45.5355, -67.9980
  45.5258, -67.9798
  45.5355, -67.9690
  45.5477, -67.9654
  45.5598, -67.9703
  45.5707, -67.9511
  45.5719, -67.9501
  45.5840, -67.9450
  45.5962, -67.9487
  45.5990, -67.9511
  45.5982, -67.9798
  45.5962, -67.9814
  45.5840, -67.9850
  45.5719, -67.9802
  45.5598, -67.9901
  45.5477, -68.0026
  45.5355, -67.9980
End:

Color: 0 255 0
Line: 3, 0, "2026-06-13 06:00:00 UTC\nMonitor Boundary"
  45.6204, -67.9905
  45.6157, -67.9798
  45.6204, -67.9738
  45.6325, -67.9653
  45.6447, -67.9691
  45.6542, -67.9798
  45.6447, -67.9978
  45.6325, -68.0027
  45.6204, -67.9905
End:

Color: 0 255 0
Line: 3, 0, "2026-06-13 06:00:00 UTC\nMonitor Boundary"
  46.5420, -67.8395
  46.5350, -67.8364
  46.5299, -67.8330
  46.5177, -67.8314
  46.5056, -67.8090
  46.5052, -67.8078
  46.5056, -67.8068
  46.5177, -67.7894
  46.5299, -67.7879
  46.5420, -67.7892
  46.5541, -67.7865
  46.5662, -67.7933
  46.5748, -67.8078
  46.5711, -67.8364
  46.5662, -67.8409
  46.5541, -67.8450
  46.5420, -67.8395
End:

Color: 0 255 0
Line: 3, 0, "2026-06-13 06:00:00 UTC\nMonitor Boundary"
  45.3051, -67.6275
  45.2968, -67.6070
  45.2953, -67.5784
  45.2930, -67.5746
  45.2809, -67.5615
  45.2756, -67.5497
  45.2688, -67.5292
  45.2654, -67.5210
  45.2688, -67.5094
  45.2783, -67.4923
  45.2809, -67.4908
  45.2930, -67.4851
  45.3051, -67.4881
  45.3173, -67.4852
  45.3294, -67.4914
  45.3304, -67.4923
  45.3340, -67.5210
  45.3415, -67.5416
  45.3444, -67.5497
  45.3536, -67.5777
  45.3539, -67.5784
  45.3536, -67.5791
  45.3415, -67.6008
  45.3360, -67.6070
  45.3294, -67.6187
  45.3173, -67.6338
  45.3051, -67.6275
End:

Color: 0 255 0
Line: 3, 0, "2026-06-13 06:00:00 UTC\nMonitor Boundary"
  45.6568, -67.6297
  45.6468, -67.6070
  45.6568, -67.5976
  45.6689, -67.5956
  45.6810, -67.6043
  45.6833, -67.6070
  45.6810, -67.6143
  45.6689, -67.6332
  45.6568, -67.6297
End:

Color: 0 255 0
Line: 3, 0, "2026-06-13 06:00:00 UTC\nMonitor Boundary"
  45.2202, -67.5244
  45.2142, -67.5210
  45.2099, -67.4923
  45.2186, -67.4637
  45.2202, -67.4620
  45.2324, -67.4552
  45.2445, -67.4550
  45.2566, -67.4594
  45.2612, -67.4637
  45.2648, -67.4923
  45.2566, -67.5078
  45.2465, -67.5210
  45.2445, -67.5225
  45.2324, -67.5248
  45.2202, -67.5244
End:

Color: 255 255 0
Line: 3, 0, "2026-06-13 06:00:00 UTC\nFlood Advisory Boundary"
  48.7611, -121.8370
  48.7558, -121.8302
  48.7603, -121.8015
  48.7611, -121.8008
  48.7732, -121.7951
  48.7853, -121.7982
  48.7893, -121.8015
  48.7942, -121.8302
  48.7853, -121.8404
  48.7732, -121.8448
  48.7611, -121.8370
End:

Color: 255 255 0
Line: 3, 0, "2026-06-13 06:00:00 UTC\nFlood Advisory Boundary"
  35.8347, -103.6819
  35.8315, -103.6794
  35.8225, -103.6652
  35.8155, -103.6507
  35.8225, -103.6404
  35.8347, -103.6292
  35.8468, -103.6268
  35.8589, -103.6314
  35.8711, -103.6433
  35.8832, -103.6469
  35.8883, -103.6507
  35.8882, -103.6794
  35.8832, -103.6830
  35.8711, -103.6845
  35.8589, -103.6845
  35.8468, -103.6849
  35.8347, -103.6819
End:

Color: 255 255 0
Line: 3, 0, "2026-06-13 06:00:00 UTC\nFlood Advisory Boundary"
  36.2106, -102.1344
  36.2041, -102.1309
  36.1999, -102.1023
  36.2042, -102.0736
  36.1985, -102.0568
  36.1950, -102.0449
  36.1985, -102.0332
  36.2090, -102.0163
  36.2106, -102.0155
  36.2194, -102.0163
  36.2227, -102.0169
  36.2348, -102.0443
  36.2350, -102.0449
  36.2470, -102.0661
  36.2511, -102.0736
  36.2535, -102.1023
  36.2470, -102.1109
  36.2348, -102.1223
  36.2263, -102.1309
  36.2227, -102.1333
  36.2106, -102.1344
End:

Color: 255 255 0
Line: 3, 0, "2026-06-13 06:00:00 UTC\nFlood Advisory Boundary"
  36.1985, -101.2147
  36.1887, -101.2134
  36.1863, -101.2121
  36.1782, -101.1847
  36.1863, -101.1776
  36.1985, -101.1754
  36.2106, -101.1831
  36.2121, -101.1847
  36.2106, -101.1917
  36.2014, -101.2134
  36.1985, -101.2147
End:

Color: 255 255 0
Line: 3, 0, "2026-06-13 06:00:00 UTC\nFlood Advisory Boundary"
  46.5420, -67.8221
  46.5365, -67.8078
  46.5420, -67.8015
  46.5541, -67.7950
  46.5662, -67.7999
  46.5735, -67.8078
  46.5662, -67.8253
  46.5541, -67.8335
  46.5420, -67.8221
End:

Color: 255 150 0
Line: 3, 0, "2026-06-13 06:00:00 UTC\nFFW Base Boundary"
  48.7611, -121.8370
  48.7558, -121.8302
  48.7603, -121.8015
  48.7611, -121.8008
  48.7732, -121.7951
  48.7853, -121.7982
  48.7893, -121.8015
  48.7942, -121.8302
  48.7853, -121.8404
  48.7732, -121.8448
  48.7611, -121.8370
End:

Color: 255 150 0
Line: 3, 0, "2026-06-13 06:00:00 UTC\nFFW Base Boundary"
  35.8225, -103.6645
  35.8155, -103.6507
  35.8225, -103.6418
  35.8347, -103.6350
  35.8468, -103.6352
  35.8589, -103.6359
  35.8711, -103.6459
  35.8745, -103.6507
  35.8711, -103.6584
  35.8589, -103.6722
  35.8468, -103.6729
  35.8347, -103.6731
  35.8225, -103.6645
End:

Color: 255 150 0
Line: 3, 0, "2026-06-13 06:00:00 UTC\nFFW Base Boundary"
  46.5420, -67.8221
  46.5365, -67.8078
  46.5420, -67.8015
  46.5541, -67.7950
  46.5662, -67.7999
  46.5735, -67.8078
  46.5662, -67.8253
  46.5541, -67.8335
  46.5420, -67.8221
End:

Color: 255 0 0
Line: 3, 0, "2026-06-13 06:00:00 UTC\nFFW Considerable Boundary"
  48.7611, -121.8370
  48.7558, -121.8302
  48.7611, -121.8184
  48.7732, -121.8072
  48.7853, -121.8130
  48.7942, -121.8302
  48.7853, -121.8404
  48.7732, -121.8448
  48.7611, -121.8370
End:
